Game Shots Missmade Xdist Ydist Dist Quarter
1 1 0 24 186 24 4
1 2 1 98 154 19 4
1 3 1 134 82 14 2
1 4 0 132 122 14 1
1 5 0 193 158 13 4
1 6 0 204 181 14 1
1 7 0 224 256 18 2
1 8 0 278 72 0 1
1 9 1 278 72 0 1
1 10 0 285 75 0 3
1 11 1 314 75 0 1
1 12 0 300 158 7 4
1 13 0 285 280 19 4
1 14 0 368 114 6 2
1 15 1 420 156 13 4
1 16 1 446 203 16 2
1 17 0 468 253 20 3
1 18 1 497 249 21 1
1 19 0 518 228 21 1
1 20 0 522 256 24 3
1 21 0 534 257 25 1
10 1 1 18 194 25 4
10 2 1 58 177 21 4
10 3 0 73 135 18 2
10 4 1 87 194 20 2
10 5 0 103 54 16 1
10 6 1 118 126 15 1
10 7 1 182 179 15 3
10 8 1 187 125 11 2
10 9 0 208 210 14 1
10 10 1 252 96 4 2
10 11 1 254 293 21 2
10 12 1 286 294 20 1
10 13 1 288 64 0 4
10 14 0 291 70 0 2
10 15 1 298 72 0 2
10 16 1 306 72 0 1
10 17 0 313 68 0 2
10 18 0 304 275 18 1
10 19 0 322 204 12 1
10 20 0 427 351 26 4
10 21 0 445 106 15 4
10 22 1 468 164 17 3
10 23 0 520 160 19 2
11 1 0 100 135 18 2
11 2 0 132 140 16 3
11 3 0 143 110 12 2
11 4 0 189 207 16 3
11 5 0 238 178 10 3
11 6 0 247 195 12 1
11 7 0 232 246 16 1
11 8 0 275 301 20 3
11 9 1 290 70 0 3
11 10 0 292 72 0 2
11 11 1 293 73 0 2
11 12 1 297 76 0 4
11 13 1 299 76 0 4
11 14 1 301 75 0 3
11 15 1 303 74 0 2
11 16 1 306 73 0 4
11 17 1 309 71 0 3
11 18 0 325 210 12 2
11 19 0 345 190 10 3
11 20 0 375 178 11 4
11 21 0 386 252 18 4
11 22 0 388 345 25 4
11 23 0 398 124 9 1
11 24 0 463 173 16 1
11 25 0 484 115 15 1
11 26 0 531 146 19 3
12 1 0 49 52 19 4
12 2 1 90 137 18 4
12 3 0 108 56 16 5
12 4 0 148 100 12 2
12 5 0 163 205 16 1
12 6 0 183 181 15 4
12 7 0 181 163 14 4
12 8 0 210 87 7 4
12 9 0 234 79 5 1
12 10 0 248 74 4 2
12 11 1 264 277 18 2
12 12 0 268 155 7 4
12 13 0 281 116 5 1
12 14 0 480 216 20 3
12 15 0 582 183 25 1
12 16 0 286 69 0 5
12 17 1 288 71 0 2
12 18 1 290 74 0 3
12 19 0 294 75 0 1
12 20 1 297 77 0 3
12 21 0 303 74 0 2
12 22 0 306 74 0 3
12 23 1 309 72 0 2
12 24 1 312 70 0 1
13 1 0 117 64 16 1
13 2 0 114 82 16 2
13 3 0 111 105 16 1
13 4 1 121 120 15 1
13 5 0 143 69 14 4
13 6 1 144 108 14 3
13 7 0 156 84 13 2
13 8 0 154 99 13 2
13 9 0 206 108 10 1
13 10 1 210 199 13 4
13 11 0 208 255 18 3
13 12 1 222 220 14 3
13 13 1 254 88 5 2
13 14 0 321 285 18 2
13 15 0 384 231 16 3
13 16 1 410 217 15 2
13 17 0 421 120 12 4
13 18 0 539 118 19 2
13 19 0 286 70 0 4
13 20 1 289 73 0 3
13 21 1 296 76 0 2
13 22 0 299 75 0 1
13 23 1 304 74 0 2
13 24 0 309 72 0 3
14 1 0 66 178 21 4
14 2 0 77 112 18 4
14 3 0 84 206 21 3
14 4 0 106 134 16 3
14 5 0 105 136 16 4
14 6 0 106 167 17 3
14 7 0 170 347 26 2
14 8 0 182 234 18 2
14 9 1 189 234 17 2
14 10 0 228 294 20 1
14 11 1 306 243 15 2
14 12 1 326 231 14 3
14 13 0 335 180 10 4
14 14 0 359 118 6 1
14 15 0 391 174 12 1
14 16 1 402 139 10 1
14 17 1 398 233 16 2
14 18 0 431 202 16 1
14 19 0 482 149 16 2
14 20 0 493 198 19 3
14 21 0 497 98 16 4
14 22 1 287 70 0 4
14 23 1 290 72 0 2
14 24 1 294 73 0 1
14 25 1 299 75 0 3
14 26 1 306 74 0 2
14 27 1 310 72 0 4
15 1 1 76 75 19 4
15 2 1 76 98 19 1
15 3 0 116 310 24 3
15 4 0 155 86 14 4
15 5 1 163 200 17 4
15 6 1 163 232 20 4
15 7 0 183 219 17 4
15 8 0 190 233 18 1
15 9 0 191 234 18 1
15 10 0 222 215 14 3
15 11 0 222 230 16 3
15 12 1 243 262 17 1
15 13 1 244 260 17 2
15 14 0 398 240 17 4
15 15 1 418 165 12 4
15 16 1 419 234 17 1
15 17 1 416 238 18 1
15 18 0 419 238 18 2
15 19 0 442 92 12 2
15 20 1 306 72 0 1
16 1 1 50 46 20 3
16 2 0 82 68 18 3
16 3 1 146 50 14 2
16 4 0 158 63 13 4
16 5 0 215 119 8 3
16 6 0 210 152 11 2
16 7 0 230 146 9 3
16 8 0 234 238 16 4
16 9 0 244 242 16 4
16 10 0 265 100 4 4
16 11 0 265 283 18 3
16 12 0 301 98 3 3
16 13 1 302 270 17 2
16 14 1 396 126 11 2
16 15 0 372 222 15 2
16 16 0 372 228 15 3
16 17 0 492 60 16 1
16 18 1 288 72 0 1
16 19 1 312 72 0 3
18 1 0 110 183 19 2
18 2 1 132 129 16 1
18 3 1 152 188 17 4
18 4 0 158 242 21 3
18 5 0 228 231 16 4
18 6 1 237 101 6 3
18 7 0 327 286 17 1
18 8 0 369 245 16 3
18 9 0 403 146 11 4
18 10 0 457 276 21 4
18 11 0 484 270 22 1
18 12 0 526 96 18 2
18 13 0 525 215 21 2
18 14 1 524 216 21 1
18 15 0 288 70 0 2
18 16 1 290 71 0 4
18 17 0 293 73 0 2
18 18 0 295 74 0 3
18 19 1 299 74 0 4
18 20 1 301 73 0 2
18 21 1 303 73 0 4
18 22 0 307 72 0 3
18 23 1 312 72 0 4
19 1 0 105 285 23 1
19 2 0 192 111 11 2
19 3 0 228 156 10 4
19 4 0 230 173 11 3
19 5 0 222 250 18 1
19 6 0 300 144 5 3
19 7 0 345 296 20 1
19 8 0 400 189 13 3
19 9 1 466 122 15 4
19 10 0 480 161 17 2
19 11 1 480 122 16 4
19 12 0 489 114 16 4
19 13 0 521 93 18 3
19 14 1 286 68 0 2
19 15 0 288 70 0 1
19 16 1 292 72 0 4
19 17 0 295 74 0 1
19 18 1 299 75 0 4
19 19 1 304 74 0 1
19 20 1 307 73 0 2
19 21 0 310 72 0 2
2 1 1 114 86 16 1
2 2 1 114 86 16 1
2 3 1 122 96 16 2
2 4 0 138 325 25 2
2 5 0 150 86 13 2
2 6 0 168 107 11 2
2 7 1 156 134 13 3
2 8 1 156 168 14 3
2 9 0 180 94 10 2
2 10 0 179 118 13 4
2 11 0 179 332 23 1
2 12 1 211 84 8 4
2 13 1 211 84 8 2
2 14 0 201 111 10 4
2 15 0 214 348 25 2
2 16 1 248 203 12 1
2 17 0 320 153 8 2
2 18 0 382 86 6 2
2 19 0 369 159 9 1
2 20 0 378 203 13 4
2 21 1 405 84 9 1
2 22 1 407 251 18 2
2 23 0 459 266 19 3
2 24 0 470 91 13 2
2 25 0 537 100 19 1
2 26 1 282 69 0 2
2 27 1 282 69 0 2
2 28 0 288 74 0 1
2 29 0 312 74 0 4
2 30 1 320 68 0 4
20 1 1 107 246 21 1
20 2 0 170 241 17 4
20 3 0 202 150 9 3
20 4 0 222 269 19 3
20 5 0 354 239 15 2
20 6 0 377 276 20 2
20 7 1 382 300 21 1
20 8 0 410 360 25 2
20 9 0 419 251 17 1
20 10 1 461 216 17 2
20 11 0 286 70 0 4
20 12 1 289 72 0 1
20 13 1 292 74 0 3
20 14 0 295 76 0 3
20 15 1 298 75 0 2
20 16 0 301 74 0 3
20 17 1 305 74 0 1
20 18 0 308 72 0 1
20 19 1 311 70 0 3
21 1 1 84 41 17 3
21 2 1 84 59 17 1
21 3 0 109 34 16 2
21 4 0 107 50 16 4
21 5 0 127 150 13 4
21 6 0 134 198 16 4
21 7 0 175 167 13 2
21 8 1 205 156 12 3
21 9 0 204 204 14 2
21 10 0 318 194 11 2
21 11 1 372 204 14 2
21 12 1 397 204 16 2
21 13 0 448 56 14 2
21 14 0 476 38 15 4
21 15 0 490 24 16 1
21 16 0 490 37 16 4
21 17 0 489 112 17 1
21 18 0 548 234 26 2
21 19 1 290 73 0 1
21 20 0 294 74 0 3
21 21 1 298 75 0 4
21 22 1 302 74 0 3
21 23 1 309 73 0 1
22 1 0 96 90 16 3
22 2 1 95 145 17 3
22 3 0 132 166 16 4
22 4 1 163 64 11 4
22 5 0 171 221 17 1
22 6 0 234 262 17 3
22 7 0 249 188 10 2
22 8 0 285 233 15 2
22 9 0 325 84 3 1
22 10 0 337 359 26 4
22 11 0 374 164 11 3
22 12 0 473 152 16 1
22 13 1 484 116 16 2
22 14 1 288 72 0 1
22 15 1 293 74 0 2
22 16 1 298 75 0 3
22 17 0 303 75 0 1
22 18 1 308 74 0 2
22 19 1 313 72 0 3
23 1 0 82 80 18 1
23 2 0 109 123 17 2
23 3 1 116 189 18 3
23 4 0 181 201 15 4
23 5 0 152 266 21 1
23 6 0 233 283 20 4
23 7 0 316 237 15 4
23 8 1 401 246 17 1
23 9 0 419 82 11 2
23 10 1 426 226 16 1
23 11 1 445 150 13 3
23 12 0 441 252 19 2
23 13 1 469 174 17 3
23 14 0 541 72 19 2
23 15 0 288 73 0 4
23 16 0 292 74 0 4
23 17 1 296 75 0 2
23 18 1 301 75 0 3
23 19 1 305 74 0 4
23 20 0 309 73 0 4
23 21 0 312 72 0 4
24 1 1 132 151 16 2
24 2 0 140 146 15 1
24 3 0 176 179 14 3
24 4 0 195 164 12 1
24 5 0 195 175 13 1
24 6 1 207 107 10 3
24 7 0 215 340 23 1
24 8 1 247 234 15 2
24 9 0 336 212 13 3
24 10 1 392 48 10 2
24 11 0 389 214 15 2
24 12 1 492 122 16 2
24 13 1 504 122 17 2
24 14 1 285 73 0 2
24 15 1 290 74 0 1
24 16 1 295 75 0 3
24 17 0 300 75 0 3
24 18 1 305 74 0 2
24 19 1 310 73 0 2
25 1 0 121 124 16 3
25 2 1 126 168 17 3
25 3 0 120 172 18 3
25 4 1 140 78 11 2
25 5 0 154 84 13 3
25 6 0 195 68 11 3
25 7 0 213 194 13 2
25 8 1 286 216 12 2
25 9 0 326 142 5 3
25 10 0 431 144 12 3
25 11 0 454 118 13 3
25 12 0 448 202 17 3
25 13 0 494 144 16 3
25 14 0 505 144 17 3
25 15 0 295 74 0 2
25 16 0 305 74 0 4
26 1 1 142 154 16 1
26 2 0 177 52 12 1
26 3 1 174 77 12 2
26 4 0 174 211 17 1
26 5 0 358 140 6 1
26 6 0 352 178 8 2
26 7 0 385 134 8 3
26 8 0 407 50 11 2
26 9 0 422 124 11 4
26 10 0 465 132 14 3
26 11 0 491 121 15 1
26 12 0 506 226 20 4
26 13 1 286 72 0 1
26 14 1 289 75 0 1
26 15 1 292 78 0 2
26 16 0 295 81 0 4
26 17 1 298 84 0 4
26 18 1 301 84 0 4
26 19 1 304 81 0 4
26 20 1 307 78 0 4
26 21 1 310 75 0 3
26 22 1 314 72 0 3
27 1 1 25 91 22 1
27 2 0 78 464 37 4
27 3 1 162 186 16 1
27 4 1 169 202 17 1
27 5 1 173 228 19 4
27 6 1 182 228 18 4
27 7 0 201 173 14 4
27 8 0 214 266 19 4
27 9 1 220 237 17 2
27 10 0 278 165 9 3
27 11 0 273 266 17 3
27 12 0 288 149 6 4
27 13 0 302 303 20 3
27 14 0 316 300 20 1
27 15 0 359 158 8 3
27 16 0 397 246 18 4
27 17 0 396 264 19 2
27 18 0 412 228 17 3
27 19 0 537 89 19 1
27 20 1 544 85 20 1
27 21 1 547 136 20 4
27 22 0 285 72 0 1
27 23 1 290 76 0 1
27 24 1 295 78 0 3
27 25 0 300 80 0 4
27 26 0 305 78 0 2
27 27 0 310 76 0 2
27 28 1 315 72 0 4
28 1 1 116 306 27 1
28 2 0 396 240 17 1
28 3 0 414 80 11 1
28 4 0 421 205 15 2
28 5 0 446 316 24 3
28 6 0 457 196 17 3
28 7 0 491 81 16 2
28 8 0 503 94 17 1
28 9 0 295 75 0 1
28 10 1 305 75 0 2
29 1 0 75 62 18 3
29 2 0 74 74 18 3
29 3 0 93 87 17 4
29 4 1 102 106 16 2
29 5 1 92 160 18 3
29 6 0 130 92 14 3
29 7 1 153 48 15 1
29 8 1 162 78 14 1
29 9 0 153 178 17 4
29 10 0 160 178 16 4
29 11 1 160 192 16 2
29 12 1 178 192 15 1
29 13 0 207 192 13 2
29 14 0 213 67 7 1
29 15 1 228 240 17 2
29 16 1 286 201 11 1
29 17 1 282 220 14 1
29 18 0 279 264 17 4
29 19 1 300 220 14 3
29 20 0 449 77 14 2
29 21 1 485 106 17 2
29 22 1 488 138 17 1
29 23 0 490 149 18 1
29 24 0 505 125 19 1
29 25 0 503 137 18 1
29 26 0 529 252 24 3
29 27 0 573 46 22 3
29 28 1 284 71 0 1
29 29 0 287 73 0 2
29 30 1 290 75 0 3
29 31 1 293 77 0 4
29 32 1 296 79 0 1
29 33 1 299 81 0 2
29 34 1 302 79 0 3
29 35 0 305 77 0 4
29 36 1 308 75 0 1
29 37 1 311 73 0 3
29 38 1 314 71 0 4
3 1 1 130 81 13 3
3 2 0 131 190 17 1
3 3 0 188 96 9 1
3 4 0 182 152 11 2
3 5 0 201 230 16 4
3 6 0 258 259 16 3
3 7 1 264 306 22 1
3 8 0 292 212 13 4
3 9 1 292 247 16 4
3 10 0 299 96 3 1
3 11 0 302 230 15 2
3 12 1 316 70 0 1
3 13 1 435 42 13 3
3 14 0 436 55 13 4
3 15 1 447 36 14 2
3 16 1 448 133 15 1
3 17 0 461 46 15 3
3 18 0 494 45 16 1
3 19 0 484 86 16 2
3 20 0 492 98 16 1
3 21 0 494 121 17 1
30 1 0 81 263 26 1
30 2 0 110 127 17 2
30 3 1 114 159 18 1
30 4 0 123 80 15 1
30 5 0 122 164 17 3
30 6 1 122 185 18 3
30 7 1 138 216 19 2
30 8 0 159 88 12 1
30 9 1 156 151 13 2
30 10 1 153 216 18 1
30 11 0 206 160 13 3
30 12 0 247 159 10 1
30 13 1 326 363 26 1
30 14 0 348 151 9 3
30 15 0 354 222 14 2
30 16 1 354 225 15 2
30 17 0 354 249 17 2
30 18 0 380 226 16 3
30 19 1 391 243 19 1
30 20 1 378 262 20 2
30 21 0 420 217 17 1
30 22 0 435 227 18 4
30 23 0 458 156 15 2
30 24 1 468 126 15 3
30 25 0 522 70 19 3
30 26 0 528 252 25 4
30 27 1 288 73 0 3
30 28 1 293 76 0 3
30 29 1 298 79 0 2
30 30 1 303 79 0 3
30 31 1 308 76 0 2
30 32 1 313 73 0 3
31 1 1 62 105 18 2
31 2 0 80 252 25 3
31 3 1 101 209 18 3
31 4 0 158 165 14 2
31 5 0 195 157 12 4
31 6 0 193 192 14 1
31 7 1 274 302 21 2
31 8 1 284 150 7 2
31 9 0 287 195 11 4
31 10 0 285 234 15 4
31 11 0 386 78 9 4
31 12 0 409 74 11 3
31 13 0 413 108 13 3
31 14 1 417 212 16 2
31 15 0 496 62 17 2
31 16 0 496 169 19 1
31 17 0 544 240 26 1
31 18 1 293 74 0 2
31 19 1 300 78 0 1
31 20 0 307 73 0 3
32 1 0 53 148 20 3
32 2 0 82 200 20 1
32 3 0 95 59 16 1
32 4 1 96 73 16 2
32 5 1 117 202 18 1
32 6 0 158 166 15 3
32 7 0 180 66 10 4
32 8 1 179 196 15 2
32 9 1 179 196 15 2
32 10 0 199 68 9 3
32 11 0 195 114 10 4
32 12 0 216 68 7 4
32 13 0 215 165 11 2
32 14 0 232 91 5 1
32 15 0 288 150 7 1
32 16 0 346 163 9 4
32 17 0 374 210 14 1
32 18 1 380 213 14 3
32 19 1 384 214 15 2
32 20 1 422 213 17 4
32 21 0 436 221 18 1
32 22 0 442 46 13 1
32 23 1 295 76 0 2
32 24 1 305 76 0 4
33 1 0 134 120 16 3
33 2 0 134 176 16 3
33 3 1 150 77 14 2
33 4 0 170 200 16 1
33 5 1 172 222 18 1
33 6 0 172 226 18 2
33 7 0 187 213 16 1
33 8 0 183 77 12 3
33 9 1 207 157 12 4
33 10 0 212 232 17 3
33 11 0 222 232 16 3
33 12 1 290 280 17 3
33 13 1 310 290 17 3
33 14 1 393 280 19 2
33 15 0 396 152 10 3
33 16 0 451 82 11 3
33 17 1 450 174 14 2
33 18 0 480 140 15 3
33 19 0 520 77 16 2
33 20 1 300 79 0 3
34 1 1 60 110 18 2
34 2 1 90 70 16 4
34 3 0 87 93 16 4
34 4 0 117 176 17 1
34 5 1 122 185 16 1
34 6 0 136 214 18 1
34 7 0 152 78 13 1
34 8 0 182 212 16 4
34 9 0 214 194 13 2
34 10 0 236 105 6 4
34 11 0 260 99 3 4
34 12 0 270 80 3 1
34 13 0 275 121 6 4
34 14 0 333 58 3 3
34 15 0 358 68 5 1
34 16 0 400 210 16 3
34 17 0 424 117 13 4
34 18 0 427 172 15 2
34 19 1 472 152 17 4
34 20 1 480 221 20 2
34 21 1 506 132 18 3
34 22 1 518 40 18 1
34 23 1 288 70 0 2
34 24 1 292 72 0 1
34 25 1 296 74 0 2
34 26 1 300 76 0 4
34 27 0 300 76 0 3
34 28 1 304 74 0 2
34 29 1 308 72 0 1
34 30 1 312 70 0 2
35 1 0 102 56 16 3
35 2 0 103 78 16 4
35 3 0 120 126 15 1
35 4 0 126 51 14 1
35 5 0 127 63 14 3
35 6 0 144 96 14 2
35 7 0 168 158 14 4
35 8 1 176 239 19 2
35 9 0 214 220 15 1
35 10 0 220 200 13 3
35 11 0 222 174 12 2
35 12 0 255 106 4 1
35 13 0 286 237 16 4
35 14 1 354 193 12 2
35 15 0 411 104 12 1
35 16 0 414 47 11 1
35 17 0 419 226 18 2
35 18 1 288 73 0 3
35 19 0 296 75 0 3
35 20 1 304 75 0 4
35 21 1 312 73 0 3
36 1 0 172 212 17 1
36 2 1 192 236 18 1
36 3 0 313 111 4 1
36 4 1 362 170 9 1
36 5 1 414 291 20 1
36 6 0 437 270 20 1
36 7 0 448 224 18 1
36 8 0 461 67 14 1
36 9 0 462 158 15 1
36 10 0 492 84 16 1
36 11 0 288 72 0 2
36 12 0 296 74 0 1
36 13 1 304 74 0 1
36 14 0 312 72 0 2
37 1 1 204 164 12 1
37 2 0 208 239 17 4
37 3 0 222 116 9 3
37 4 0 241 124 8 3
37 5 1 249 190 11 3
37 6 0 286 236 15 3
37 7 0 340 179 10 4
37 8 0 339 360 24 4
37 9 1 354 257 16 1
37 10 0 358 296 19 4
37 11 1 387 215 14 3
37 12 0 398 143 9 3
37 13 0 395 160 11 3
37 14 0 396 248 18 4
37 15 0 409 126 9 3
37 16 0 460 207 17 3
37 17 1 492 148 16 3
37 18 0 288 74 0 1
37 19 1 296 76 0 4
37 20 1 304 76 0 3
37 21 0 312 74 0 4
38 1 0 133 192 18 1
38 2 1 144 142 16 2
38 3 0 144 168 16 3
38 4 0 144 177 16 3
38 5 0 152 203 17 2
38 6 0 157 173 15 4
38 7 1 162 188 15 2
38 8 1 162 188 15 2
38 9 0 162 226 18 1
38 10 1 168 217 17 2
38 11 1 176 158 13 1
38 12 0 180 170 14 4
38 13 1 186 181 14 3
38 14 0 188 348 25 4
38 15 0 220 228 15 1
38 16 1 220 257 18 1
38 17 1 228 153 9 1
38 18 0 238 138 8 4
38 19 0 261 151 7 4
38 20 0 264 352 23 4
38 21 1 367 371 26 4
38 22 0 386 82 7 1
38 23 0 409 336 23 4
38 24 0 429 133 11 4
38 25 1 439 146 12 1
38 26 1 474 156 14 2
38 27 1 555 143 22 2
38 28 0 288 72 0 2
38 29 0 292 73 0 4
38 30 0 296 74 0 2
38 31 0 300 75 0 3
38 32 1 304 74 0 2
38 33 0 308 73 0 4
38 34 0 312 72 0 4
39 1 0 49 82 19 2
39 2 0 148 172 16 3
39 3 1 219 200 13 1
39 4 0 222 194 13 1
39 5 0 241 101 5 3
39 6 1 254 272 17 1
39 7 0 285 156 8 3
39 8 0 281 189 11 3
39 9 0 300 290 18 3
39 10 0 360 78 7 4
39 11 0 376 74 8 1
39 12 0 443 352 27 4
39 13 0 458 84 16 1
39 14 1 474 30 16 1
39 15 0 476 75 16 1
39 16 1 485 112 18 1
39 17 1 484 132 18 1
39 18 1 533 253 24 2
39 19 1 288 71 0 2
39 20 1 291 72 0 1
39 21 1 294 73 0 1
39 22 1 297 74 0 2
39 23 1 300 75 0 4
39 24 0 303 74 0 1
39 25 1 306 73 0 2
39 26 1 309 72 0 1
39 27 1 312 71 0 1
4 1 0 107 156 17 2
4 2 1 126 156 16 3
4 3 1 169 181 14 2
4 4 0 171 154 13 1
4 5 0 173 202 16 1
4 6 0 191 228 17 2
4 7 0 216 221 16 3
4 8 1 258 272 18 2
4 9 0 285 72 0 3
4 10 1 285 72 0 2
4 11 1 204 133 12 2
4 12 1 322 218 14 2
4 13 0 490 114 15 2
4 14 0 496 106 15 2
4 15 1 507 122 16 1
4 16 1 524 79 18 2
4 17 0 520 105 16 3
4 18 0 526 142 19 1
40 1 1 102 100 16 3
40 2 1 95 146 17 1
40 3 1 93 156 18 1
40 4 1 112 100 16 3
40 5 0 117 168 17 3
40 6 1 182 168 13 1
40 7 0 166 472 35 2
40 8 0 226 80 6 1
40 9 0 250 272 17 4
40 10 0 279 204 11 4
40 11 1 283 242 16 3
40 12 0 297 166 9 1
40 13 1 352 56 4 3
40 14 0 395 110 11 4
40 15 1 414 162 14 2
40 16 0 425 158 14 2
40 17 0 422 201 16 3
40 18 0 507 70 17 4
40 19 1 442 135 14 3
40 20 1 289 72 0 1
40 21 1 292 73 0 2
40 22 1 295 74 0 1
40 23 1 298 75 0 4
40 24 1 301 75 0 1
40 25 0 304 75 0 1
40 26 1 307 74 0 4
40 27 1 310 73 0 1
40 28 1 313 72 0 1
40 29 1 316 71 0 2
40 30 0 286 71 0 3
41 1 1 83 64 17 4
41 2 0 93 82 15 4
41 3 0 117 146 16 1
41 4 0 146 130 13 1
41 5 0 217 106 8 2
41 6 0 217 106 8 2
41 7 1 210 189 14 4
41 8 1 258 66 3 2
41 9 0 258 128 5 3
41 10 0 285 295 19 1
41 11 0 324 88 3 1
41 12 1 347 174 10 3
41 13 1 378 256 19 4
41 14 0 392 117 11 4
41 15 0 390 144 12 1
41 16 0 443 60 14 4
41 17 0 452 202 18 3
41 18 1 474 170 17 3
41 19 0 474 176 18 3
41 20 1 286 71 0 1
41 21 1 289 72 0 2
41 22 1 292 73 0 4
41 23 1 295 74 0 2
41 24 1 298 75 0 4
41 25 1 301 75 0 3
41 26 1 304 75 0 1
41 27 1 307 74 0 2
41 28 1 310 73 0 4
41 29 1 313 72 0 3
41 20 1 316 71 0 2
42 1 1 85 54 19 4
42 2 0 85 54 19 4
42 3 0 127 105 14 2
42 4 0 127 182 17 1
42 5 0 158 104 12 3
42 6 0 158 104 12 4
42 7 0 188 66 10 3
42 8 1 198 198 14 1
42 9 0 203 246 18 1
42 10 0 274 94 3 1
42 11 0 259 209 13 4
42 12 1 276 209 13 4
42 13 1 282 220 14 3
42 14 1 288 220 14 3
42 15 1 284 234 15 4
42 16 1 282 276 18 2
42 17 0 394 79 10 2
42 18 0 431 170 14 1
42 19 1 447 162 16 4
42 20 0 465 158 17 1
42 21 0 482 50 16 4
42 22 0 484 70 16 2
42 23 0 502 128 18 3
42 24 0 517 49 19 2
42 25 1 288 72 0 4
42 26 1 292 73 0 3
42 27 0 297 74 0 2
42 28 1 302 74 0 1
42 29 1 307 73 0 4
42 30 1 312 72 0 2
43 1 1 140 78 14 2
43 2 0 150 78 13 2
43 3 0 190 348 25 4
43 4 0 212 228 16 2
43 5 0 220 290 21 1
43 6 1 228 206 13 1
43 7 0 228 228 15 1
43 8 0 234 247 17 2
43 9 0 321 112 4 4
43 10 0 314 140 6 1
43 11 0 310 194 11 4
43 12 1 318 211 12 1
43 13 0 305 233 15 2
43 14 1 362 192 12 3
43 15 1 366 233 15 4
43 16 1 363 242 16 2
43 17 0 406 242 17 3
43 18 1 406 228 16 1
43 19 0 406 269 19 2
43 20 0 531 54 18 1
43 21 0 288 72 0 4
43 22 1 292 73 0 3
43 23 0 296 74 0 4
43 24 1 300 75 0 2
43 25 0 304 74 0 4
43 26 1 308 73 0 3
43 27 1 312 72 0 4
44 1 0 52 138 20 3
44 2 0 81 116 16 3
44 3 1 102 137 15 3
44 4 0 201 199 14 4
44 5 0 231 112 6 4
44 6 0 276 122 5 4
44 7 0 285 157 8 3
44 8 0 286 226 14 4
44 9 1 378 84 8 4
44 10 0 372 109 8 4
44 11 1 378 190 13 4
44 12 0 424 141 13 4
44 13 0 466 306 24 4
44 14 0 518 128 18 4
45 1 1 44 204 24 3
45 2 0 105 82 16 4
45 3 1 102 122 17 2
45 4 0 117 82 15 2
45 5 0 156 212 17 2
45 6 0 249 168 9 3
45 7 1 280 270 17 4
45 8 0 396 153 12 1
45 9 1 396 188 15 1
45 10 0 437 188 17 3
45 11 0 498 130 18 2
45 12 1 511 130 19 1
45 13 0 511 142 19 4
45 14 1 288 73 0 3
45 15 1 294 74 0 3
45 16 1 298 75 0 4
45 17 1 302 75 0 3
45 18 1 306 74 0 4
45 19 1 312 73 0 3
47 1 0 52 112 19 4
47 2 0 70 61 18 4
47 3 0 70 70 18 1
47 4 0 95 166 18 3
47 5 1 124 42 14 3
47 6 0 115 106 14 2
47 7 1 132 140 13 1
47 8 0 142 133 12 2
47 9 0 142 150 13 4
47 10 0 252 58 4 4
47 11 1 264 310 21 4
47 12 1 270 181 12 2
47 13 1 270 181 12 2
47 14 0 290 223 14 4
47 15 0 320 70 3 3
47 16 0 342 71 5 4
47 17 1 352 174 10 2
47 18 0 373 161 10 3
47 19 0 376 200 14 1
47 20 0 379 218 15 2
47 21 0 478 308 25 3
47 22 1 516 42 18 1
47 23 1 516 54 18 1
47 24 1 516 42 18 1
47 25 1 288 73 0 1
47 26 1 293 74 0 2
47 27 1 298 75 0 3
47 28 1 303 75 0 1
47 29 1 308 74 0 2
47 30 1 313 73 0 1
48 1 1 99 78 18 2
48 2 0 131 183 17 4
48 3 0 146 138 15 1
48 4 0 144 173 16 1
48 5 0 172 96 12 3
48 6 0 184 227 17 2
48 7 0 226 230 16 2
48 8 0 226 238 17 1
48 9 0 241 157 9 4
48 10 0 271 108 5 2
48 11 0 298 156 7 2
48 12 1 316 235 15 4
48 13 1 310 312 21 1
48 14 0 429 222 17 3
48 15 0 458 130 15 1
48 16 1 288 73 0 NA
48 17 1 294 74 0 NA
48 18 1 300 75 0 NA
48 19 1 306 74 0 NA
48 20 1 312 73 0 NA
49 1 0 106 146 17 1
49 2 0 129 86 15 2
49 3 0 125 126 15 3
49 4 0 144 209 18 3
49 5 1 211 228 16 2
49 6 0 239 245 16 1
49 7 1 269 248 16 2
49 8 0 299 147 6 1
49 9 0 359 106 5 3
49 10 1 472 161 16 1
49 11 0 478 168 17 2
49 12 0 524 119 18 3
49 13 1 288 73 0 1
49 14 0 293 74 0 2
49 15 1 298 75 0 3
49 16 0 303 75 0 1
49 17 1 308 74 0 2
49 18 0 313 73 0 3
5 1 0 205 167 14 2
5 2 0 171 225 19 3
5 3 1 167 230 20 2
5 4 1 169 264 21 4
5 5 1 198 228 18 2
5 6 1 201 241 19 1
5 7 0 207 210 16 3
5 8 0 216 234 18 2
5 9 0 210 270 20 4
5 10 0 222 346 25 2
5 11 0 238 196 11 4
5 12 0 228 218 14 4
5 13 0 237 232 16 3
5 14 0 289 72 0 1
5 15 0 288 76 0 3
5 16 1 297 80 0 3
5 17 1 299 79 0 2
5 18 0 312 77 0 4
5 19 1 319 68 0 3
5 20 0 426 244 19 2
5 21 1 438 210 16 2
5 22 1 486 81 16 2
5 23 0 494 80 16 1
5 24 1 494 80 16 4
5 25 1 524 77 18 4
5 26 1 360 137 6 3
50 1 0 126 166 17 2
50 2 0 126 208 19 1
50 3 0 145 151 15 1
50 4 0 171 75 12 4
50 5 0 180 144 12 2
50 6 0 192 86 10 2
50 7 1 194 189 13 4
50 8 0 250 132 6 2
50 9 0 296 251 16 4
50 10 0 310 238 15 1
50 11 0 319 251 16 4
50 12 1 367 100 6 4
50 13 1 390 246 17 1
50 14 0 402 246 18 4
50 15 1 288 73 0 1
50 16 0 294 74 0 3
50 17 1 300 75 0 4
50 18 1 306 74 0 1
50 19 1 312 73 0 1
51 1 1 54 79 20 2
51 2 0 94 101 17 3
51 3 0 221 212 14 1
51 4 0 266 175 9 3
51 5 0 299 194 11 1
51 6 0 401 274 19 2
51 7 0 413 365 27 1
51 8 0 432 156 13 3
51 9 1 292 74 0 2
51 10 1 297 75 0 4
51 11 1 303 75 0 3
51 12 1 308 74 0 2
53 1 0 201 255 17 1
53 2 0 212 84 9 2
53 3 1 221 84 9 3
53 4 0 215 220 15 2
53 5 0 275 150 7 3
53 6 0 309 156 9 2
53 7 0 309 200 13 1
53 8 0 311 359 25 1
53 9 0 348 87 3 3
53 10 1 408 291 20 2
53 11 1 455 215 18 2
53 12 0 466 213 19 2
53 13 1 288 73 0 3
53 14 1 294 74 0 1
53 15 0 300 75 0 3
53 16 1 306 74 0 2
53 17 1 312 73 0 3
55 1 0 133 88 16 2
55 2 1 178 88 12 2
55 3 0 184 166 14 1
55 4 0 198 202 16 4
55 5 1 248 234 15 1
55 6 0 249 248 16 1
55 7 0 307 349 24 2
55 8 0 440 129 14 3
55 9 1 456 318 24 3
55 10 0 466 106 16 3
55 11 0 535 89 19 1
55 12 1 294 73 0 2
55 13 0 306 73 0 1
6 1 1 90 186 18 3
6 2 0 103 113 16 3
6 3 1 101 142 16 1
6 4 0 105 202 17 3
6 5 0 123 162 15 4
6 6 0 120 190 16 4
6 7 0 135 241 19 1
6 8 0 140 106 14 3
6 9 1 142 113 14 3
6 10 0 171 403 28 2
6 11 0 198 149 10 1
6 12 0 216 309 21 3
6 13 0 249 96 4 2
6 14 1 267 327 21 3
6 15 1 288 70 0 3
6 16 1 298 72 0 1
6 17 1 299 80 0 2
6 18 0 309 76 0 1
6 19 1 316 66 0 4
6 20 0 340 242 15 1
6 21 1 339 267 17 2
6 22 0 375 270 18 2
6 23 0 393 144 9 3
6 24 0 424 147 13 2
6 25 1 440 114 13 3
6 26 0 442 136 13 2
6 27 1 441 192 16 3
6 28 0 485 106 16 2
6 29 1 488 172 17 4
6 30 1 490 186 18 1
68 1 0 68 210 23 1
68 2 0 146 262 21 1
68 3 0 206 264 18 2
68 4 0 242 262 17 4
68 5 0 297 254 16 2
68 6 1 512 144 18 1
68 7 1 295 74 0 1
68 8 0 300 75 0 2
68 9 0 305 74 0 3
69 1 0 160 193 16 2
69 2 1 159 284 21 2
69 3 0 278 278 17 1
69 4 1 280 286 18 1
69 5 0 293 307 21 1
69 6 0 300 224 14 4
69 7 0 334 281 18 2
69 8 1 460 231 20 2
69 9 0 526 64 18 3
69 10 0 526 180 21 3
69 11 1 296 74 0 2
69 12 0 304 74 0 4
7 1 0 57 99 19 2
7 2 0 57 121 19 3
7 3 0 75 84 17 4
7 4 0 96 97 16 3
7 5 0 93 140 17 1
7 6 0 122 94 14 2
7 7 1 119 140 16 4
7 8 0 120 150 17 3
7 9 0 146 106 13 3
7 10 0 144 170 16 4
7 11 0 216 121 7 3
7 12 0 265 109 3 4
7 13 0 277 302 19 2
7 14 0 280 374 26 1
7 15 0 289 107 3 3
7 16 1 283 70 0 4
7 17 0 286 74 0 4
7 18 1 301 80 0 3
7 19 0 288 88 0 4
7 20 0 314 80 0 1
7 21 1 316 72 0 4
7 22 0 468 118 16 1
7 23 0 470 222 19 4
7 24 1 471 243 21 4
7 25 0 541 99 21 3
70 1 0 122 162 17 2
70 2 1 126 195 19 4
70 3 0 155 163 15 4
70 4 0 166 73 13 1
70 5 1 186 149 13 4
70 6 1 196 240 18 2
70 7 0 284 142 6 4
70 8 0 298 237 15 4
70 9 0 296 257 17 4
70 10 0 310 234 15 3
70 11 1 382 228 15 2
70 12 1 388 238 17 2
70 13 0 430 108 13 2
70 14 1 482 90 15 3
70 15 0 500 241 22 2
70 16 0 294 74 0 3
70 17 0 304 74 0 4
71 1 1 88 149 19 4
71 2 1 100 200 19 3
71 3 0 127 300 25 3
71 4 0 158 221 18 4
71 5 0 180 178 14 1
71 6 0 279 171 9 2
71 7 1 294 82 1 4
71 8 0 480 222 19 2
71 9 1 300 74 0 2
9 1 0 57 68 19 4
9 2 1 94 138 17 2
9 3 0 134 96 14 4
9 4 1 138 160 15 4
9 5 1 146 198 16 4
9 6 0 166 180 15 1
9 7 0 185 292 21 3
9 8 1 240 120 6 1
9 9 1 240 238 16 3
9 10 1 228 357 24 2
9 11 0 251 81 3 3
9 12 1 275 284 19 1
9 13 0 285 136 5 1
9 14 1 292 67 0 4
9 15 0 294 71 0 3
9 16 0 296 73 0 2
9 17 1 299 76 0 2
9 18 0 307 76 0 1
9 19 1 309 74 0 1
9 20 1 326 153 8 4
9 21 0 335 75 3 4
9 22 0 344 373 25 3
9 23 0 350 80 4 2
9 24 0 418 120 12 1
9 25 0 421 69 12 4
9 26 0 447 134 15 1
9 27 0 453 39 14 3
9 28 0 475 62 15 2
9 29 1 488 53 16 2
9 30 1 490 66 16 2
9 31 0 492 75 16 3
9 32 1 495 143 17 3
9 33 0 504 60 17 3
